# unix_time, cycles_done, cur_path, paths_total, pending_total, pending_favs, map_size, unique_crashes, unique_hangs, max_depth, execs_per_sec
1746544656, 0, 0, 2, 2, 0, 0.00%, 0, 0, 1, 11.17
1746544682, 0, 1, 2, 1, 0, 0.00%, 0, 0, 1, 11.67
1746544708, 16, 0, 2, 0, 4294967295, 0.00%, 0, 0, 1, 11.68
1746544728, 48, 0, 2, 0, 4294967295, 0.00%, 0, 0, 1, 11.56
1746544754, 62, 0, 2, 0, 4294967295, 0.00%, 0, 0, 1, 11.45
1746544775, 141, 0, 2, 0, 4294967295, 0.00%, 0, 0, 1, 11.57
1746544801, 187, 1, 2, 0, 4294967295, 0.00%, 0, 0, 1, 11.63
1746544821, 289, 1, 2, 0, 4294967295, 0.00%, 0, 0, 1, 11.58
1746544847, 395, 0, 2, 0, 4294967295, 0.00%, 0, 0, 1, 11.65
1746544868, 431, 1, 2, 0, 4294967295, 0.00%, 0, 0, 1, 11.21
1746544893, 509, 0, 2, 0, 4294967295, 0.00%, 0, 0, 1, 11.64
1746544914, 710, 1, 2, 0, 4294967295, 0.00%, 0, 0, 1, 11.65
1746544940, 717, 1, 2, 0, 4294967295, 0.00%, 0, 0, 1, 11.51
1746544960, 747, 1, 2, 0, 4294967295, 0.00%, 0, 0, 1, 11.56
1746544986, 814, 0, 2, 0, 4294967295, 0.00%, 0, 0, 1, 9.85
1746545012, 870, 1, 2, 0, 4294967295, 0.00%, 0, 0, 1, 11.65
1746545032, 902, 0, 2, 0, 4294967295, 0.00%, 0, 0, 1, 11.69
1746545053, 906, 1, 2, 0, 4294967295, 0.00%, 0, 0, 1, 11.43
1746545079, 968, 1, 2, 0, 4294967295, 0.00%, 0, 0, 1, 10.49
1746545105, 1068, 0, 2, 0, 4294967295, 0.00%, 0, 0, 1, 11.03
1746545131, 1073, 0, 2, 0, 4294967295, 0.00%, 0, 0, 1, 11.35
1746545151, 1120, 1, 2, 0, 4294967295, 0.00%, 0, 0, 1, 11.46
1746545177, 1155, 0, 2, 0, 4294967295, 0.00%, 0, 0, 1, 11.19
1746545198, 1194, 0, 2, 0, 4294967295, 0.00%, 0, 0, 1, 11.58
1746545224, 1295, 0, 2, 0, 4294967295, 0.00%, 0, 0, 1, 11.44
1746545249, 1295, 1, 2, 0, 4294967295, 0.00%, 0, 0, 1, 11.46
1746545270, 1306, 1, 2, 0, 4294967295, 0.00%, 0, 0, 1, 11.25
1746545296, 1331, 1, 2, 0, 4294967295, 0.00%, 0, 0, 1, 11.15
1746545322, 1416, 1, 2, 0, 4294967295, 0.00%, 0, 0, 1, 11.61
1746545343, 1455, 0, 2, 0, 4294967295, 0.00%, 0, 0, 1, 11.39
1746545368, 1477, 1, 2, 0, 4294967295, 0.00%, 0, 0, 1, 11.67
1746545389, 1488, 1, 2, 0, 4294967295, 0.00%, 0, 0, 1, 11.38
1746545417, 1541, 1, 2, 0, 4294967295, 0.00%, 0, 0, 1, 11.40
1746545438, 1588, 0, 2, 0, 4294967295, 0.00%, 0, 0, 1, 11.20
1746545463, 1771, 0, 2, 0, 4294967295, 0.00%, 0, 0, 1, 11.51
1746545489, 1821, 1, 2, 0, 4294967295, 0.00%, 0, 0, 1, 11.61
1746545510, 1833, 1, 2, 0, 4294967295, 0.00%, 0, 0, 1, 11.60
1746545536, 1905, 1, 2, 0, 4294967295, 0.00%, 0, 0, 1, 11.16
1746545562, 1941, 1, 2, 0, 4294967295, 0.00%, 0, 0, 1, 10.40
1746545588, 1963, 0, 2, 0, 4294967295, 0.00%, 0, 0, 1, 11.28
1746545609, 2042, 0, 2, 0, 4294967295, 0.00%, 0, 0, 1, 11.49
1746545635, 2057, 0, 2, 0, 4294967295, 0.00%, 0, 0, 1, 11.23
1746545666, 2180, 1, 2, 0, 4294967295, 0.00%, 0, 0, 1, 10.64
1746545693, 2207, 0, 2, 0, 4294967295, 0.00%, 0, 0, 1, 10.66
1746545714, 2232, 1, 2, 0, 4294967295, 0.00%, 0, 0, 1, 11.47
1746545740, 2246, 0, 2, 0, 4294967295, 0.00%, 0, 0, 1, 11.58
1746545760, 2449, 0, 2, 0, 4294967295, 0.00%, 0, 0, 1, 11.53
1746545786, 2467, 1, 2, 0, 4294967295, 0.00%, 0, 0, 1, 11.67
1746545807, 2472, 1, 2, 0, 4294967295, 0.00%, 0, 0, 1, 11.57
1746545833, 2622, 0, 2, 0, 4294967295, 0.00%, 0, 0, 1, 11.55
1746545859, 2705, 0, 2, 0, 4294967295, 0.00%, 0, 0, 1, 11.66
1746545879, 2707, 1, 2, 0, 4294967295, 0.00%, 0, 0, 1, 11.66
1746545905, 2742, 1, 2, 0, 4294967295, 0.00%, 0, 0, 1, 11.60
1746545925, 2743, 1, 2, 0, 4294967295, 0.00%, 0, 0, 1, 11.59
1746545951, 2805, 0, 2, 0, 4294967295, 0.00%, 0, 0, 1, 11.51
1746545972, 2823, 0, 2, 0, 4294967295, 0.00%, 0, 0, 1, 11.54
1746545998, 2835, 0, 2, 0, 4294967295, 0.00%, 0, 0, 1, 11.62
1746546018, 2843, 1, 2, 0, 4294967295, 0.00%, 0, 0, 1, 11.48
1746546044, 2848, 1, 2, 0, 4294967295, 0.00%, 0, 0, 1, 11.44
1746546065, 2854, 1, 2, 0, 4294967295, 0.00%, 0, 0, 1, 10.92
1746546091, 2979, 1, 2, 0, 4294967295, 0.00%, 0, 0, 1, 11.73
1746546111, 3039, 0, 2, 0, 4294967295, 0.00%, 0, 0, 1, 11.59
1746546137, 3113, 1, 2, 0, 4294967295, 0.00%, 0, 0, 1, 11.63
1746546157, 3143, 1, 2, 0, 4294967295, 0.00%, 0, 0, 1, 11.54
1746546178, 3156, 1, 2, 0, 4294967295, 0.00%, 0, 0, 1, 11.55
1746546204, 3169, 1, 2, 0, 4294967295, 0.00%, 0, 0, 1, 11.48
1746546230, 3186, 1, 2, 0, 4294967295, 0.00%, 0, 0, 1, 11.71
1746546251, 3285, 0, 2, 0, 4294967295, 0.00%, 0, 0, 1, 11.30
1746546277, 3313, 0, 2, 0, 4294967295, 0.00%, 0, 0, 1, 11.64
1746546297, 3455, 0, 2, 0, 4294967295, 0.00%, 0, 0, 1, 11.60
1746546318, 3535, 0, 2, 0, 4294967295, 0.00%, 0, 0, 1, 11.63
1746546343, 3575, 0, 2, 0, 4294967295, 0.00%, 0, 0, 1, 11.44
