# unix_time, cycles_done, cur_path, paths_total, pending_total, pending_favs, map_size, unique_crashes, unique_hangs, max_depth, execs_per_sec
1746600150, 0, 0, 4, 4, 0, 0.02%, 0, 0, 1, 11.20
1746600175, 0, 1, 4, 3, 0, 0.02%, 0, 0, 1, 11.69
1746600207, 0, 2, 4, 2, 0, 0.02%, 0, 0, 1, 10.97
1746600227, 0, 3, 4, 1, 0, 0.02%, 0, 0, 1, 11.69
1746600253, 48, 3, 4, 0, 4294967295, 0.02%, 0, 0, 1, 1.78
1746600279, 69, 0, 4, 0, 4294967295, 0.02%, 0, 0, 1, 11.67
1746600299, 85, 3, 4, 0, 4294967295, 0.02%, 0, 0, 1, 11.65
1746600325, 99, 1, 4, 0, 4294967295, 0.02%, 0, 0, 1, 10.36
1746600351, 111, 2, 4, 0, 4294967295, 0.02%, 0, 0, 1, 10.40
1746600389, 157, 0, 4, 0, 4294967295, 0.02%, 0, 0, 1, 1.54
1746600416, 212, 0, 4, 0, 4294967295, 0.02%, 0, 0, 1, 11.14
1746600441, 227, 1, 4, 0, 4294967295, 0.02%, 0, 0, 1, 11.88
1746600462, 235, 1, 4, 0, 4294967295, 0.02%, 0, 0, 1, 10.31
1746600488, 287, 0, 4, 0, 4294967295, 0.02%, 0, 0, 1, 11.47
1746600514, 293, 3, 4, 0, 4294967295, 0.02%, 0, 0, 1, 11.02
1746600539, 323, 3, 4, 0, 4294967295, 0.02%, 0, 0, 1, 10.17
1746600565, 331, 3, 4, 0, 4294967295, 0.02%, 0, 0, 1, 11.68
1746600585, 341, 1, 4, 0, 4294967295, 0.02%, 0, 0, 1, 11.40
1746600611, 342, 0, 4, 0, 4294967295, 0.02%, 0, 0, 1, 11.54
1746600631, 372, 1, 4, 0, 4294967295, 0.02%, 0, 0, 1, 11.20
1746600657, 374, 3, 4, 0, 4294967295, 0.02%, 0, 0, 1, 11.78
1746600682, 410, 2, 4, 0, 4294967295, 0.02%, 0, 0, 1, 11.71
1746600702, 448, 2, 4, 0, 4294967295, 0.02%, 0, 0, 1, 11.92
1746600723, 470, 1, 4, 0, 4294967295, 0.02%, 0, 0, 1, 11.64
1746600749, 475, 0, 4, 0, 4294967295, 0.02%, 0, 0, 1, 11.93
1746600769, 510, 2, 4, 0, 4294967295, 0.02%, 0, 0, 1, 11.95
1746600795, 579, 0, 4, 0, 4294967295, 0.02%, 0, 0, 1, 11.54
1746600815, 629, 1, 4, 0, 4294967295, 0.02%, 0, 0, 1, 11.76
1746600840, 664, 0, 4, 0, 4294967295, 0.02%, 0, 0, 1, 10.99
1746600861, 719, 1, 4, 0, 4294967295, 0.02%, 0, 0, 1, 11.70
1746600886, 735, 2, 4, 0, 4294967295, 0.02%, 0, 0, 1, 11.91
1746600912, 797, 3, 4, 0, 4294967295, 0.02%, 0, 0, 1, 10.94
1746600937, 810, 2, 4, 0, 4294967295, 0.02%, 0, 0, 1, 11.90
1746600957, 840, 2, 4, 0, 4294967295, 0.02%, 0, 0, 1, 11.98
1746600984, 858, 2, 4, 0, 4294967295, 0.02%, 0, 0, 1, 11.80
1746601010, 917, 2, 4, 0, 4294967295, 0.02%, 0, 0, 1, 11.25
1746601030, 942, 0, 4, 0, 4294967295, 0.02%, 0, 0, 1, 11.94
1746601056, 952, 2, 4, 0, 4294967295, 0.02%, 0, 0, 1, 11.67
1746601082, 1009, 3, 4, 0, 4294967295, 0.02%, 0, 0, 1, 11.52
1746601107, 1019, 1, 4, 0, 4294967295, 0.02%, 0, 0, 1, 11.18
1746601134, 1040, 2, 4, 0, 4294967295, 0.02%, 0, 0, 1, 10.00
1746601165, 1134, 1, 4, 0, 4294967295, 0.02%, 0, 0, 1, 11.26
1746601186, 1179, 1, 4, 0, 4294967295, 0.02%, 0, 0, 1, 11.05
1746601212, 1218, 2, 4, 0, 4294967295, 0.02%, 0, 0, 1, 11.53
1746601237, 1222, 3, 4, 0, 4294967295, 0.02%, 0, 0, 1, 10.26
1746601263, 1278, 1, 4, 0, 4294967295, 0.02%, 0, 0, 1, 11.00
1746601290, 1354, 1, 4, 0, 4294967295, 0.02%, 0, 0, 1, 1.13
1746601316, 1408, 3, 4, 0, 4294967295, 0.02%, 0, 0, 1, 11.60
1746601347, 1427, 1, 4, 0, 4294967295, 0.02%, 0, 0, 1, 11.13
1746601378, 1475, 1, 4, 0, 4294967295, 0.02%, 0, 0, 1, 0.68
1746601404, 1477, 0, 4, 0, 4294967295, 0.02%, 0, 0, 1, 11.65
1746601425, 1491, 0, 4, 0, 4294967295, 0.02%, 0, 0, 1, 11.97
1746601459, 1508, 1, 4, 0, 4294967295, 0.02%, 0, 0, 1, 10.76
1746605762, 1525, 1, 4, 0, 4294967295, 0.02%, 0, 0, 1, 0.00
1746605792, 1526, 0, 4, 0, 4294967295, 0.02%, 0, 0, 1, 11.37
1746605818, 1531, 1, 4, 0, 4294967295, 0.02%, 0, 0, 1, 10.93
1746605839, 1553, 3, 4, 0, 4294967295, 0.02%, 0, 0, 1, 11.02
1746605864, 1557, 3, 4, 0, 4294967295, 0.02%, 0, 0, 1, 11.81
1746605884, 1588, 1, 4, 0, 4294967295, 0.02%, 0, 0, 1, 11.86
1746605910, 1639, 2, 4, 0, 4294967295, 0.02%, 0, 0, 1, 11.62
1746605930, 1645, 3, 4, 0, 4294967295, 0.02%, 0, 0, 1, 11.82
1746605955, 1677, 1, 4, 0, 4294967295, 0.02%, 0, 0, 1, 11.80
1746605976, 1757, 2, 4, 0, 4294967295, 0.02%, 0, 0, 1, 11.78
1746605996, 1781, 3, 4, 0, 4294967295, 0.02%, 0, 0, 1, 11.85
1746606021, 1789, 2, 4, 0, 4294967295, 0.02%, 0, 0, 1, 11.93
1746606047, 1790, 0, 4, 0, 4294967295, 0.02%, 0, 0, 1, 11.74
1746606067, 1790, 2, 4, 0, 4294967295, 0.02%, 0, 0, 1, 11.81
1746606093, 1801, 0, 4, 0, 4294967295, 0.02%, 0, 0, 1, 11.52
1746606113, 1816, 3, 4, 0, 4294967295, 0.02%, 0, 0, 1, 10.86
1746606139, 1826, 2, 4, 0, 4294967295, 0.02%, 0, 0, 1, 11.12
1746606166, 1856, 0, 4, 0, 4294967295, 0.02%, 0, 0, 1, 10.18
1746606192, 1905, 1, 4, 0, 4294967295, 0.02%, 0, 0, 1, 11.07
1746606219, 1909, 3, 4, 0, 4294967295, 0.02%, 0, 0, 1, 11.14
1746606250, 1936, 3, 4, 0, 4294967295, 0.02%, 0, 0, 1, 10.08
1746606276, 1989, 0, 4, 0, 4294967295, 0.02%, 0, 0, 1, 11.22
1746606298, 2059, 3, 4, 0, 4294967295, 0.02%, 0, 0, 1, 11.31
1746606330, 2092, 0, 4, 0, 4294967295, 0.02%, 0, 0, 1, 10.87
1746606355, 2105, 3, 4, 0, 4294967295, 0.02%, 0, 0, 1, 10.64
1746606387, 2150, 1, 4, 0, 4294967295, 0.02%, 0, 0, 1, 10.82
1746606506, 2178, 1, 4, 0, 4294967295, 0.02%, 0, 0, 1, 11.08
1746606532, 2180, 1, 4, 0, 4294967295, 0.02%, 0, 0, 1, 11.59
1746606557, 2251, 3, 4, 0, 4294967295, 0.02%, 0, 0, 1, 11.85
1746606578, 2277, 1, 4, 0, 4294967295, 0.02%, 0, 0, 1, 11.83
1746606603, 2432, 2, 4, 0, 4294967295, 0.02%, 0, 0, 1, 11.86
1746606623, 2488, 1, 4, 0, 4294967295, 0.02%, 0, 0, 1, 11.93
1746606643, 2572, 0, 4, 0, 4294967295, 0.02%, 0, 0, 1, 11.90
1746606669, 2573, 1, 4, 0, 4294967295, 0.02%, 0, 0, 1, 11.80
1746606694, 2622, 3, 4, 0, 4294967295, 0.02%, 0, 0, 1, 11.80
1746606715, 2692, 0, 4, 0, 4294967295, 0.02%, 0, 0, 1, 11.23
1746606740, 2705, 2, 4, 0, 4294967295, 0.02%, 0, 0, 1, 11.80
1746606760, 2706, 0, 4, 0, 4294967295, 0.02%, 0, 0, 1, 11.66
1746606786, 2788, 1, 4, 0, 4294967295, 0.02%, 0, 0, 1, 11.83
1746606806, 2843, 3, 4, 0, 4294967295, 0.02%, 0, 0, 1, 11.84
1746606833, 2853, 2, 4, 0, 4294967295, 0.02%, 0, 0, 1, 11.52
1746606853, 2864, 0, 4, 0, 4294967295, 0.02%, 0, 0, 1, 11.85
1746606873, 2898, 0, 4, 0, 4294967295, 0.02%, 0, 0, 1, 11.79
1746606899, 2974, 0, 4, 0, 4294967295, 0.02%, 0, 0, 1, 11.75
1746606924, 2983, 0, 4, 0, 4294967295, 0.02%, 0, 0, 1, 11.86
1746606944, 3030, 0, 4, 0, 4294967295, 0.02%, 0, 0, 1, 11.84
1746606970, 3044, 3, 4, 0, 4294967295, 0.02%, 0, 0, 1, 11.80
1746606990, 3054, 3, 4, 0, 4294967295, 0.02%, 0, 0, 1, 11.93
1746607015, 3066, 1, 4, 0, 4294967295, 0.02%, 0, 0, 1, 11.80
1746607036, 3098, 0, 4, 0, 4294967295, 0.02%, 0, 0, 1, 11.88
1746607056, 3101, 1, 4, 0, 4294967295, 0.02%, 0, 0, 1, 11.85
1746607081, 3147, 3, 4, 0, 4294967295, 0.02%, 0, 0, 1, 11.90
1746607101, 3151, 0, 4, 0, 4294967295, 0.02%, 0, 0, 1, 11.89
1746607128, 3157, 3, 4, 0, 4294967295, 0.02%, 0, 0, 1, 0.64
1746607148, 3178, 2, 4, 0, 4294967295, 0.02%, 0, 0, 1, 11.89
1746607173, 3218, 2, 4, 0, 4294967295, 0.02%, 0, 0, 1, 11.95
1746607198, 3246, 2, 4, 0, 4294967295, 0.02%, 0, 0, 1, 11.84
1746607219, 3247, 2, 4, 0, 4294967295, 0.02%, 0, 0, 1, 11.92
1746607239, 3328, 1, 4, 0, 4294967295, 0.02%, 0, 0, 1, 11.84
1746607264, 3346, 2, 4, 0, 4294967295, 0.02%, 0, 0, 1, 11.89
1746607284, 3352, 1, 4, 0, 4294967295, 0.02%, 0, 0, 1, 11.89
1746607310, 3352, 2, 4, 0, 4294967295, 0.02%, 0, 0, 1, 11.42
1746607330, 3373, 3, 4, 0, 4294967295, 0.02%, 0, 0, 1, 11.85
1746607355, 3397, 2, 4, 0, 4294967295, 0.02%, 0, 0, 1, 11.83
1746607376, 3412, 1, 4, 0, 4294967295, 0.02%, 0, 0, 1, 11.85
1746607401, 3455, 3, 4, 0, 4294967295, 0.02%, 0, 0, 1, 11.94
1746607421, 3479, 0, 4, 0, 4294967295, 0.02%, 0, 0, 1, 11.89
1746607446, 3495, 3, 4, 0, 4294967295, 0.02%, 0, 0, 1, 11.89
1746607467, 3506, 1, 4, 0, 4294967295, 0.02%, 0, 0, 1, 11.97
1746607493, 3509, 2, 4, 0, 4294967295, 0.02%, 0, 0, 1, 11.56
1746607513, 3511, 3, 4, 0, 4294967295, 0.02%, 0, 0, 1, 11.76
1746607538, 3526, 3, 4, 0, 4294967295, 0.02%, 0, 0, 1, 10.94
1746607564, 3533, 1, 4, 0, 4294967295, 0.02%, 0, 0, 1, 11.94
1746607585, 3536, 1, 4, 0, 4294967295, 0.02%, 0, 0, 1, 11.48
1746607611, 3548, 3, 4, 0, 4294967295, 0.02%, 0, 0, 1, 11.40
1746607636, 3560, 0, 4, 0, 4294967295, 0.02%, 0, 0, 1, 11.97
1746607661, 3562, 3, 4, 0, 4294967295, 0.02%, 0, 0, 1, 11.84
1746607683, 3570, 3, 4, 0, 4294967295, 0.02%, 0, 0, 1, 10.53
1746607708, 3710, 0, 4, 0, 4294967295, 0.02%, 0, 0, 1, 11.84
1746607729, 3760, 1, 4, 0, 4294967295, 0.02%, 0, 0, 1, 11.51
1746607754, 3769, 2, 4, 0, 4294967295, 0.02%, 0, 0, 1, 11.83
1746607775, 3777, 2, 4, 0, 4294967295, 0.02%, 0, 0, 1, 11.81
1746607800, 3795, 2, 4, 0, 4294967295, 0.02%, 0, 0, 1, 11.22
1746607820, 3839, 3, 4, 0, 4294967295, 0.02%, 0, 0, 1, 11.89
1746607846, 3850, 0, 4, 0, 4294967295, 0.02%, 0, 0, 1, 11.24
1746607867, 3887, 3, 4, 0, 4294967295, 0.02%, 0, 0, 1, 11.73
1746607892, 3889, 1, 4, 0, 4294967295, 0.02%, 0, 0, 1, 11.71
1746607918, 3890, 2, 4, 0, 4294967295, 0.02%, 0, 0, 1, 11.65
1746607938, 3907, 3, 4, 0, 4294967295, 0.02%, 0, 0, 1, 11.83
1746607958, 3925, 0, 4, 0, 4294967295, 0.02%, 0, 0, 1, 11.86
1746607984, 3942, 0, 4, 0, 4294967295, 0.02%, 0, 0, 1, 11.52
1746608004, 3962, 3, 4, 0, 4294967295, 0.02%, 0, 0, 1, 11.85
1746608029, 3967, 0, 4, 0, 4294967295, 0.02%, 0, 0, 1, 11.11
1746608055, 4000, 0, 4, 0, 4294967295, 0.02%, 0, 0, 1, 11.74
1746608075, 4005, 3, 4, 0, 4294967295, 0.02%, 0, 0, 1, 11.82
1746608100, 4016, 1, 4, 0, 4294967295, 0.02%, 0, 0, 1, 11.87
1746608121, 4023, 1, 4, 0, 4294967295, 0.02%, 0, 0, 1, 11.80
1746608146, 4032, 2, 4, 0, 4294967295, 0.02%, 0, 0, 1, 11.60
1746608166, 4046, 0, 4, 0, 4294967295, 0.02%, 0, 0, 1, 11.79
1746608192, 4051, 0, 4, 0, 4294967295, 0.02%, 0, 0, 1, 9.64
1746608218, 4126, 0, 4, 0, 4294967295, 0.02%, 0, 0, 1, 11.01
1746608243, 4133, 1, 4, 0, 4294967295, 0.02%, 0, 0, 1, 11.71
1746608269, 4174, 3, 4, 0, 4294967295, 0.02%, 0, 0, 1, 11.13
1746608295, 4201, 2, 4, 0, 4294967295, 0.02%, 0, 0, 1, 11.47
1746608315, 4236, 3, 4, 0, 4294967295, 0.02%, 0, 0, 1, 11.18
1746608341, 4259, 3, 4, 0, 4294967295, 0.02%, 0, 0, 1, 11.77
1746608368, 4260, 3, 4, 0, 4294967295, 0.02%, 0, 0, 1, 1.77
1746608393, 4267, 1, 4, 0, 4294967295, 0.02%, 0, 0, 1, 11.45
1746608414, 4293, 1, 4, 0, 4294967295, 0.02%, 0, 0, 1, 11.78
1746608446, 4310, 0, 4, 0, 4294967295, 0.02%, 0, 0, 1, 11.37
1746608471, 4330, 1, 4, 0, 4294967295, 0.02%, 0, 0, 1, 11.80
1746608492, 4353, 2, 4, 0, 4294967295, 0.02%, 0, 0, 1, 11.99
1746608517, 4447, 3, 4, 0, 4294967295, 0.02%, 0, 0, 1, 11.92
1746608538, 4449, 1, 4, 0, 4294967295, 0.02%, 0, 0, 1, 11.16
1746608563, 4494, 3, 4, 0, 4294967295, 0.02%, 0, 0, 1, 11.50
1746608590, 4502, 0, 4, 0, 4294967295, 0.02%, 0, 0, 1, 11.83
1746608615, 4520, 0, 4, 0, 4294967295, 0.02%, 0, 0, 1, 10.05
1746608640, 4540, 1, 4, 0, 4294967295, 0.02%, 0, 0, 1, 11.89
1746608661, 4564, 3, 4, 0, 4294967295, 0.02%, 0, 0, 1, 11.95
1746608686, 4603, 3, 4, 0, 4294967295, 0.02%, 0, 0, 1, 11.84
1746608706, 4629, 2, 4, 0, 4294967295, 0.02%, 0, 0, 1, 12.01
1746608727, 4635, 0, 4, 0, 4294967295, 0.02%, 0, 0, 1, 12.02
1746608752, 4639, 2, 4, 0, 4294967295, 0.02%, 0, 0, 1, 11.16
1746608778, 4651, 0, 4, 0, 4294967295, 0.02%, 0, 0, 1, 11.58
1746608799, 4660, 1, 4, 0, 4294967295, 0.02%, 0, 0, 1, 11.99
1746608825, 4732, 0, 4, 0, 4294967295, 0.02%, 0, 0, 1, 11.89
1746608845, 4752, 3, 4, 0, 4294967295, 0.02%, 0, 0, 1, 11.99
1746608872, 4769, 1, 4, 0, 4294967295, 0.02%, 0, 0, 1, 11.54
1746608892, 4774, 1, 4, 0, 4294967295, 0.02%, 0, 0, 1, 11.58
1746608918, 4782, 3, 4, 0, 4294967295, 0.02%, 0, 0, 1, 11.56
1746608944, 4804, 3, 4, 0, 4294967295, 0.02%, 0, 0, 1, 11.73
1746608970, 4815, 1, 4, 0, 4294967295, 0.02%, 0, 0, 1, 11.75
1746608997, 4883, 3, 4, 0, 4294967295, 0.02%, 0, 0, 1, 11.24
1746609017, 4903, 2, 4, 0, 4294967295, 0.02%, 0, 0, 1, 11.74
1746609043, 4945, 1, 4, 0, 4294967295, 0.02%, 0, 0, 1, 8.14
1746609069, 5026, 3, 4, 0, 4294967295, 0.02%, 0, 0, 1, 11.35
1746609095, 5028, 3, 4, 0, 4294967295, 0.02%, 0, 0, 1, 10.93
1746609115, 5036, 2, 4, 0, 4294967295, 0.02%, 0, 0, 1, 11.38
1746609141, 5094, 2, 4, 0, 4294967295, 0.02%, 0, 0, 1, 11.38
1746609167, 5109, 2, 4, 0, 4294967295, 0.02%, 0, 0, 1, 10.11
1746609192, 5122, 2, 4, 0, 4294967295, 0.02%, 0, 0, 1, 11.80
1746609218, 5186, 3, 4, 0, 4294967295, 0.02%, 0, 0, 1, 11.04
1746609244, 5220, 1, 4, 0, 4294967295, 0.02%, 0, 0, 1, 11.62
1746609270, 5300, 2, 4, 0, 4294967295, 0.02%, 0, 0, 1, 11.60
1746609297, 5313, 3, 4, 0, 4294967295, 0.02%, 0, 0, 1, 11.56
1746609324, 5343, 0, 4, 0, 4294967295, 0.02%, 0, 0, 1, 11.19
1746609346, 5347, 0, 4, 0, 4294967295, 0.02%, 0, 0, 1, 8.77
1746609372, 5364, 1, 4, 0, 4294967295, 0.02%, 0, 0, 1, 1.24
1746609398, 5373, 1, 4, 0, 4294967295, 0.02%, 0, 0, 1, 11.50
1746609424, 5378, 3, 4, 0, 4294967295, 0.02%, 0, 0, 1, 10.30
1746609449, 5395, 1, 4, 0, 4294967295, 0.02%, 0, 0, 1, 11.88
1746609475, 5420, 0, 4, 0, 4294967295, 0.02%, 0, 0, 1, 10.96
1746609502, 5501, 2, 4, 0, 4294967295, 0.02%, 0, 0, 1, 10.96
1746609528, 5512, 2, 4, 0, 4294967295, 0.02%, 0, 0, 1, 11.27
1746609553, 5519, 0, 4, 0, 4294967295, 0.02%, 0, 0, 1, 11.78
1746609579, 5529, 0, 4, 0, 4294967295, 0.02%, 0, 0, 1, 11.41
1746609611, 5536, 0, 4, 0, 4294967295, 0.02%, 0, 0, 1, 10.94
1746609637, 5538, 0, 4, 0, 4294967295, 0.02%, 0, 0, 1, 10.59
1746609662, 5559, 0, 4, 0, 4294967295, 0.02%, 0, 0, 1, 11.15
1746609694, 5685, 0, 4, 0, 4294967295, 0.02%, 0, 0, 1, 11.67
1746609720, 5697, 0, 4, 0, 4294967295, 0.02%, 0, 0, 1, 11.38
1746609740, 5751, 3, 4, 0, 4294967295, 0.02%, 0, 0, 1, 11.97
1746609760, 5771, 2, 4, 0, 4294967295, 0.02%, 0, 0, 1, 11.98
1746609786, 5900, 3, 4, 0, 4294967295, 0.02%, 0, 0, 1, 11.99
1746609807, 5925, 2, 4, 0, 4294967295, 0.02%, 0, 0, 1, 12.04
1746609834, 5931, 1, 4, 0, 4294967295, 0.02%, 0, 0, 1, 1.11
1746609859, 5943, 1, 4, 0, 4294967295, 0.02%, 0, 0, 1, 10.30
1746609879, 5955, 2, 4, 0, 4294967295, 0.02%, 0, 0, 1, 11.45
1746609906, 5975, 0, 4, 0, 4294967295, 0.02%, 0, 0, 1, 1.79
1746609940, 6027, 0, 4, 0, 4294967295, 0.02%, 0, 0, 1, 11.14
1746609977, 6033, 0, 4, 0, 4294967295, 0.02%, 0, 0, 1, 11.70
1746609997, 6037, 0, 4, 0, 4294967295, 0.02%, 0, 0, 1, 11.83
1746610022, 6046, 0, 4, 0, 4294967295, 0.02%, 0, 0, 1, 11.75
1746610043, 6076, 1, 4, 0, 4294967295, 0.02%, 0, 0, 1, 11.82
1746610068, 6080, 2, 4, 0, 4294967295, 0.02%, 0, 0, 1, 9.62
1746610094, 6106, 2, 4, 0, 4294967295, 0.02%, 0, 0, 1, 11.49
1746610114, 6118, 0, 4, 0, 4294967295, 0.02%, 0, 0, 1, 11.55
1746610135, 6137, 3, 4, 0, 4294967295, 0.02%, 0, 0, 1, 11.69
1746610161, 6153, 1, 4, 0, 4294967295, 0.02%, 0, 0, 1, 11.53
1746610181, 6220, 0, 4, 0, 4294967295, 0.02%, 0, 0, 1, 11.30
1746610208, 6236, 1, 4, 0, 4294967295, 0.02%, 0, 0, 1, 11.24
1746610233, 6246, 0, 4, 0, 4294967295, 0.02%, 0, 0, 1, 11.78
1746610260, 6253, 1, 4, 0, 4294967295, 0.02%, 0, 0, 1, 10.89
1746610281, 6281, 0, 4, 0, 4294967295, 0.02%, 0, 0, 1, 11.49
1746610308, 6315, 0, 4, 0, 4294967295, 0.02%, 0, 0, 1, 0.71
1746610333, 6320, 2, 4, 0, 4294967295, 0.02%, 0, 0, 1, 11.52
1746610359, 6327, 2, 4, 0, 4294967295, 0.02%, 0, 0, 1, 11.19
1746610385, 6342, 0, 4, 0, 4294967295, 0.02%, 0, 0, 1, 11.27
1746610416, 6368, 2, 4, 0, 4294967295, 0.02%, 0, 0, 1, 11.39
1746610438, 6385, 3, 4, 0, 4294967295, 0.02%, 0, 0, 1, 10.15
1746610465, 6401, 0, 4, 0, 4294967295, 0.02%, 0, 0, 1, 0.59
1746610486, 6412, 1, 4, 0, 4294967295, 0.02%, 0, 0, 1, 11.68
1746610516, 6425, 0, 4, 0, 4294967295, 0.02%, 0, 0, 1, 11.53
1746610538, 6456, 2, 4, 0, 4294967295, 0.02%, 0, 0, 1, 11.73
1746610564, 6481, 3, 4, 0, 4294967295, 0.02%, 0, 0, 1, 9.95
1746610590, 6483, 1, 4, 0, 4294967295, 0.02%, 0, 0, 1, 11.98
1746610610, 6486, 1, 4, 0, 4294967295, 0.02%, 0, 0, 1, 11.31
1746610635, 6491, 3, 4, 0, 4294967295, 0.02%, 0, 0, 1, 11.92
1746610655, 6519, 1, 4, 0, 4294967295, 0.02%, 0, 0, 1, 11.94
1746610680, 6532, 0, 4, 0, 4294967295, 0.02%, 0, 0, 1, 11.91
1746610701, 6546, 1, 4, 0, 4294967295, 0.02%, 0, 0, 1, 11.98
1746610726, 6547, 2, 4, 0, 4294967295, 0.02%, 0, 0, 1, 11.96
1746610746, 6550, 1, 4, 0, 4294967295, 0.02%, 0, 0, 1, 12.00
1746610772, 6555, 1, 4, 0, 4294967295, 0.02%, 0, 0, 1, 12.00
1746610792, 6579, 3, 4, 0, 4294967295, 0.02%, 0, 0, 1, 11.76
1746610812, 6611, 2, 4, 0, 4294967295, 0.02%, 0, 0, 1, 11.92
1746610838, 6642, 1, 4, 0, 4294967295, 0.02%, 0, 0, 1, 11.95
1746610858, 6671, 2, 4, 0, 4294967295, 0.02%, 0, 0, 1, 11.89
1746610883, 6683, 3, 4, 0, 4294967295, 0.02%, 0, 0, 1, 11.95
1746610903, 6720, 2, 4, 0, 4294967295, 0.02%, 0, 0, 1, 11.95
1746610929, 6726, 2, 4, 0, 4294967295, 0.02%, 0, 0, 1, 11.91
1746610949, 6792, 1, 4, 0, 4294967295, 0.02%, 0, 0, 1, 11.96
1746610974, 6814, 1, 4, 0, 4294967295, 0.02%, 0, 0, 1, 11.84
1746610995, 6817, 1, 4, 0, 4294967295, 0.02%, 0, 0, 1, 12.00
1746611016, 6838, 3, 4, 0, 4294967295, 0.02%, 0, 0, 1, 11.98
1746611041, 6845, 0, 4, 0, 4294967295, 0.02%, 0, 0, 1, 11.98
1746611066, 6890, 3, 4, 0, 4294967295, 0.02%, 0, 0, 1, 11.74
1746611088, 6896, 2, 4, 0, 4294967295, 0.02%, 0, 0, 1, 0.58
1746611114, 6964, 0, 4, 0, 4294967295, 0.02%, 0, 0, 1, 11.71
1746611134, 6995, 2, 4, 0, 4294967295, 0.02%, 0, 0, 1, 11.89
1746611159, 6997, 1, 4, 0, 4294967295, 0.02%, 0, 0, 1, 11.90
1746611179, 7002, 1, 4, 0, 4294967295, 0.02%, 0, 0, 1, 11.99
1746611205, 7037, 0, 4, 0, 4294967295, 0.02%, 0, 0, 1, 11.94
1746611225, 7066, 0, 4, 0, 4294967295, 0.02%, 0, 0, 1, 11.97
1746611250, 7091, 1, 4, 0, 4294967295, 0.02%, 0, 0, 1, 11.94
1746611270, 7112, 0, 4, 0, 4294967295, 0.02%, 0, 0, 1, 10.89
1746611296, 7134, 2, 4, 0, 4294967295, 0.02%, 0, 0, 1, 12.00
1746611317, 7147, 2, 4, 0, 4294967295, 0.02%, 0, 0, 1, 11.98
1746611343, 7257, 3, 4, 0, 4294967295, 0.02%, 0, 0, 1, 11.72
1746611364, 7305, 1, 4, 0, 4294967295, 0.02%, 0, 0, 1, 11.11
1746611389, 7306, 3, 4, 0, 4294967295, 0.02%, 0, 0, 1, 10.96
1746611415, 7310, 0, 4, 0, 4294967295, 0.02%, 0, 0, 1, 11.74
1746611440, 7344, 1, 4, 0, 4294967295, 0.02%, 0, 0, 1, 11.83
1746611466, 7384, 1, 4, 0, 4294967295, 0.02%, 0, 0, 1, 11.83
1746611491, 7398, 1, 4, 0, 4294967295, 0.02%, 0, 0, 1, 11.07
1746611512, 7412, 3, 4, 0, 4294967295, 0.02%, 0, 0, 1, 11.15
1746611543, 7444, 2, 4, 0, 4294967295, 0.02%, 0, 0, 1, 11.69
1746611563, 7459, 3, 4, 0, 4294967295, 0.02%, 0, 0, 1, 10.60
1746611594, 7478, 3, 4, 0, 4294967295, 0.02%, 0, 0, 1, 1.24
1746611614, 7540, 2, 4, 0, 4294967295, 0.02%, 0, 0, 1, 11.10
1746611640, 7552, 1, 4, 0, 4294967295, 0.02%, 0, 0, 1, 11.42
1746611665, 7573, 0, 4, 0, 4294967295, 0.02%, 0, 0, 1, 11.69
1746611691, 7598, 0, 4, 0, 4294967295, 0.02%, 0, 0, 1, 10.31
1746611717, 7616, 2, 4, 0, 4294967295, 0.02%, 0, 0, 1, 11.15
1746611742, 7633, 0, 4, 0, 4294967295, 0.02%, 0, 0, 1, 11.60
1746611763, 7669, 0, 4, 0, 4294967295, 0.02%, 0, 0, 1, 11.85
1746611790, 7713, 1, 4, 0, 4294967295, 0.02%, 0, 0, 1, 11.73
1746611810, 7783, 0, 4, 0, 4294967295, 0.02%, 0, 0, 1, 11.28
1746611836, 7821, 3, 4, 0, 4294967295, 0.02%, 0, 0, 1, 11.58
1746611862, 7861, 2, 4, 0, 4294967295, 0.02%, 0, 0, 1, 11.34
1746611893, 7885, 2, 4, 0, 4294967295, 0.02%, 0, 0, 1, 11.10
1746611914, 7903, 3, 4, 0, 4294967295, 0.02%, 0, 0, 1, 11.85
1746611940, 7916, 2, 4, 0, 4294967295, 0.02%, 0, 0, 1, 11.87
1746611965, 7941, 0, 4, 0, 4294967295, 0.02%, 0, 0, 1, 10.08
1746611991, 7958, 1, 4, 0, 4294967295, 0.02%, 0, 0, 1, 11.10
1746612017, 7967, 3, 4, 0, 4294967295, 0.02%, 0, 0, 1, 11.70
1746612043, 7983, 1, 4, 0, 4294967295, 0.02%, 0, 0, 1, 10.89
1746612064, 8007, 0, 4, 0, 4294967295, 0.02%, 0, 0, 1, 11.12
1746612089, 8029, 3, 4, 0, 4294967295, 0.02%, 0, 0, 1, 11.59
1746612115, 8128, 3, 4, 0, 4294967295, 0.02%, 0, 0, 1, 11.33
1746612140, 8153, 2, 4, 0, 4294967295, 0.02%, 0, 0, 1, 1.15
1746612167, 8205, 2, 4, 0, 4294967295, 0.02%, 0, 0, 1, 1.26
1746612195, 8208, 0, 4, 0, 4294967295, 0.02%, 0, 0, 1, 0.67
1746612223, 8266, 3, 4, 0, 4294967295, 0.02%, 0, 0, 1, 11.45
1746612259, 8276, 0, 4, 0, 4294967295, 0.02%, 0, 0, 1, 1.28
1746612285, 8293, 2, 4, 0, 4294967295, 0.02%, 0, 0, 1, 11.92
1746612305, 8309, 1, 4, 0, 4294967295, 0.02%, 0, 0, 1, 11.91
1746612331, 8339, 1, 4, 0, 4294967295, 0.02%, 0, 0, 1, 11.02
1746612356, 8360, 2, 4, 0, 4294967295, 0.02%, 0, 0, 1, 11.30
1746612377, 8370, 3, 4, 0, 4294967295, 0.02%, 0, 0, 1, 11.54
1746612408, 8374, 2, 4, 0, 4294967295, 0.02%, 0, 0, 1, 0.69
1746612433, 8413, 3, 4, 0, 4294967295, 0.02%, 0, 0, 1, 11.19
1746612460, 8463, 3, 4, 0, 4294967295, 0.02%, 0, 0, 1, 11.57
1746612481, 8474, 2, 4, 0, 4294967295, 0.02%, 0, 0, 1, 1.20
1746612507, 8583, 0, 4, 0, 4294967295, 0.02%, 0, 0, 1, 11.25
1746612533, 8625, 1, 4, 0, 4294967295, 0.02%, 0, 0, 1, 11.08
1746612561, 8630, 2, 4, 0, 4294967295, 0.02%, 0, 0, 1, 11.07
1746612588, 8644, 1, 4, 0, 4294967295, 0.02%, 0, 0, 1, 0.68
1746612613, 8661, 1, 4, 0, 4294967295, 0.02%, 0, 0, 1, 11.08
1746612634, 8689, 3, 4, 0, 4294967295, 0.02%, 0, 0, 1, 10.97
1746612665, 8725, 0, 4, 0, 4294967295, 0.02%, 0, 0, 1, 10.84
1746612686, 8725, 2, 4, 0, 4294967295, 0.02%, 0, 0, 1, 11.96
1746612711, 8752, 3, 4, 0, 4294967295, 0.02%, 0, 0, 1, 11.86
1746612736, 8806, 3, 4, 0, 4294967295, 0.02%, 0, 0, 1, 11.96
1746612756, 8904, 0, 4, 0, 4294967295, 0.02%, 0, 0, 1, 11.93
1746612781, 8908, 0, 4, 0, 4294967295, 0.02%, 0, 0, 1, 11.69
1746612802, 8934, 3, 4, 0, 4294967295, 0.02%, 0, 0, 1, 11.50
1746612828, 8949, 1, 4, 0, 4294967295, 0.02%, 0, 0, 1, 0.69
1746612848, 8986, 2, 4, 0, 4294967295, 0.02%, 0, 0, 1, 11.88
1746612873, 9004, 3, 4, 0, 4294967295, 0.02%, 0, 0, 1, 11.47
1746612894, 9015, 1, 4, 0, 4294967295, 0.02%, 0, 0, 1, 11.38
1746612919, 9058, 3, 4, 0, 4294967295, 0.02%, 0, 0, 1, 11.79
1746612940, 9059, 3, 4, 0, 4294967295, 0.02%, 0, 0, 1, 11.45
1746612965, 9060, 2, 4, 0, 4294967295, 0.02%, 0, 0, 1, 11.84
1746612991, 9079, 1, 4, 0, 4294967295, 0.02%, 0, 0, 1, 11.79
1746613011, 9083, 1, 4, 0, 4294967295, 0.02%, 0, 0, 1, 11.80
1746613032, 9085, 2, 4, 0, 4294967295, 0.02%, 0, 0, 1, 11.11
1746613057, 9153, 2, 4, 0, 4294967295, 0.02%, 0, 0, 1, 11.72
1746613083, 9161, 3, 4, 0, 4294967295, 0.02%, 0, 0, 1, 11.78
1746613103, 9173, 2, 4, 0, 4294967295, 0.02%, 0, 0, 1, 11.83
1746613123, 9181, 1, 4, 0, 4294967295, 0.02%, 0, 0, 1, 11.76
1746613149, 9193, 3, 4, 0, 4294967295, 0.02%, 0, 0, 1, 11.78
1746613169, 9244, 0, 4, 0, 4294967295, 0.02%, 0, 0, 1, 11.86
1746613194, 9292, 0, 4, 0, 4294967295, 0.02%, 0, 0, 1, 11.53
1746613220, 9292, 3, 4, 0, 4294967295, 0.02%, 0, 0, 1, 11.86
1746613240, 9404, 1, 4, 0, 4294967295, 0.02%, 0, 0, 1, 11.91
1746613265, 9427, 2, 4, 0, 4294967295, 0.02%, 0, 0, 1, 11.68
1746613286, 9430, 2, 4, 0, 4294967295, 0.02%, 0, 0, 1, 11.31
1746613316, 9541, 1, 4, 0, 4294967295, 0.02%, 0, 0, 1, 11.82
1746613336, 9547, 3, 4, 0, 4294967295, 0.02%, 0, 0, 1, 11.88
1746613362, 9585, 3, 4, 0, 4294967295, 0.02%, 0, 0, 1, 11.98
1746613383, 9592, 0, 4, 0, 4294967295, 0.02%, 0, 0, 1, 11.61
1746613408, 9603, 0, 4, 0, 4294967295, 0.02%, 0, 0, 1, 12.00
1746613435, 9631, 3, 4, 0, 4294967295, 0.02%, 0, 0, 1, 10.67
1746613457, 9672, 2, 4, 0, 4294967295, 0.02%, 0, 0, 1, 11.13
1746613482, 9695, 3, 4, 0, 4294967295, 0.02%, 0, 0, 1, 11.91
1746613510, 9705, 1, 4, 0, 4294967295, 0.02%, 0, 0, 1, 11.60
1746613530, 9733, 1, 4, 0, 4294967295, 0.02%, 0, 0, 1, 11.20
1746613560, 9774, 2, 4, 0, 4294967295, 0.02%, 0, 0, 1, 11.19
1746613593, 9782, 0, 4, 0, 4294967295, 0.02%, 0, 0, 1, 7.60
1746620312, 9788, 0, 4, 0, 4294967295, 0.02%, 0, 0, 1, 11.43
1746620366, 9820, 0, 4, 0, 4294967295, 0.02%, 0, 0, 1, 10.85
1746620391, 9901, 0, 4, 0, 4294967295, 0.02%, 0, 0, 1, 11.49
1746620418, 9919, 3, 4, 0, 4294967295, 0.02%, 0, 0, 1, 1.85
1746620443, 9928, 0, 4, 0, 4294967295, 0.02%, 0, 0, 1, 10.88
1746620464, 9958, 3, 4, 0, 4294967295, 0.02%, 0, 0, 1, 11.70
1746620489, 10013, 3, 4, 0, 4294967295, 0.02%, 0, 0, 1, 11.72
1746620510, 10058, 0, 4, 0, 4294967295, 0.02%, 0, 0, 1, 11.79
1746620535, 10073, 1, 4, 0, 4294967295, 0.02%, 0, 0, 1, 11.76
1746620555, 10091, 3, 4, 0, 4294967295, 0.02%, 0, 0, 1, 11.49
1746620581, 10145, 3, 4, 0, 4294967295, 0.02%, 0, 0, 1, 11.76
1746620601, 10211, 1, 4, 0, 4294967295, 0.02%, 0, 0, 1, 11.80
1746620627, 10243, 2, 4, 0, 4294967295, 0.02%, 0, 0, 1, 11.26
1746620647, 10254, 1, 4, 0, 4294967295, 0.02%, 0, 0, 1, 11.78
1746620673, 10269, 0, 4, 0, 4294967295, 0.02%, 0, 0, 1, 1.13
1746620699, 10290, 0, 4, 0, 4294967295, 0.02%, 0, 0, 1, 11.79
1746620719, 10300, 0, 4, 0, 4294967295, 0.02%, 0, 0, 1, 11.86
1746620739, 10302, 0, 4, 0, 4294967295, 0.02%, 0, 0, 1, 11.76
1746620765, 10317, 3, 4, 0, 4294967295, 0.02%, 0, 0, 1, 11.89
1746620785, 10384, 3, 4, 0, 4294967295, 0.02%, 0, 0, 1, 11.66
1746620810, 10441, 2, 4, 0, 4294967295, 0.02%, 0, 0, 1, 10.95
1746620836, 10442, 2, 4, 0, 4294967295, 0.02%, 0, 0, 1, 11.73
1746620856, 10482, 0, 4, 0, 4294967295, 0.02%, 0, 0, 1, 11.09
1746620882, 10496, 0, 4, 0, 4294967295, 0.02%, 0, 0, 1, 11.80
1746620902, 10501, 2, 4, 0, 4294967295, 0.02%, 0, 0, 1, 11.80
1746620928, 10508, 0, 4, 0, 4294967295, 0.02%, 0, 0, 1, 11.76
1746620955, 10601, 3, 4, 0, 4294967295, 0.02%, 0, 0, 1, 11.46
1746620975, 10639, 0, 4, 0, 4294967295, 0.02%, 0, 0, 1, 11.27
1746621005, 10648, 0, 4, 0, 4294967295, 0.02%, 0, 0, 1, 10.79
1746621025, 10675, 0, 4, 0, 4294967295, 0.02%, 0, 0, 1, 11.75
1746621051, 10691, 3, 4, 0, 4294967295, 0.02%, 0, 0, 1, 11.76
1746621071, 10708, 3, 4, 0, 4294967295, 0.02%, 0, 0, 1, 11.86
1746621096, 10749, 1, 4, 0, 4294967295, 0.02%, 0, 0, 1, 11.64
1746621117, 10782, 1, 4, 0, 4294967295, 0.02%, 0, 0, 1, 11.87
1746621142, 10802, 3, 4, 0, 4294967295, 0.02%, 0, 0, 1, 11.87
1746621163, 10861, 2, 4, 0, 4294967295, 0.02%, 0, 0, 1, 11.71
1746622109, 10866, 3, 4, 0, 4294967295, 0.02%, 0, 0, 1, 9.07
1746622135, 10947, 0, 4, 0, 4294967295, 0.02%, 0, 0, 1, 11.43
1746622160, 10960, 0, 4, 0, 4294967295, 0.02%, 0, 0, 1, 11.84
1746622181, 10978, 0, 4, 0, 4294967295, 0.02%, 0, 0, 1, 11.83
1746622207, 11007, 3, 4, 0, 4294967295, 0.02%, 0, 0, 1, 11.80
1746622228, 11114, 3, 4, 0, 4294967295, 0.02%, 0, 0, 1, 11.68
1746622253, 11117, 1, 4, 0, 4294967295, 0.02%, 0, 0, 1, 11.89
1746622278, 11123, 3, 4, 0, 4294967295, 0.02%, 0, 0, 1, 10.70
1746622299, 11124, 2, 4, 0, 4294967295, 0.02%, 0, 0, 1, 11.58
1746622324, 11125, 2, 4, 0, 4294967295, 0.02%, 0, 0, 1, 11.77
1746622345, 11134, 3, 4, 0, 4294967295, 0.02%, 0, 0, 1, 11.84
1746622370, 11156, 3, 4, 0, 4294967295, 0.02%, 0, 0, 1, 11.58
1746622390, 11164, 2, 4, 0, 4294967295, 0.02%, 0, 0, 1, 11.79
1746622406, 11218, 3, 4, 0, 4294967295, 0.02%, 0, 0, 1, 40.13
1746622411, 11273, 3, 4, 0, 4294967295, 0.02%, 0, 0, 1, 49.31
1746622416, 11279, 2, 4, 0, 4294967295, 0.02%, 0, 0, 1, 51.37
1746622431, 11332, 1, 4, 0, 4294967295, 0.02%, 0, 0, 1, 12.67
